1305130542 
3 
12
4
